1e+06 673866 743917
1.1e+06 723209 821310
1.2e+06 813842 899177
1.3e+06 874153 977479
1.4e+06 911383 1.05618e+06
1.5e+06 961516 1.13526e+06
1.6e+06 1.1428e+06 1.21468e+06
1.7e+06 1.29556e+06 1.29443e+06
1.8e+06 1.43464e+06 1.37448e+06
1.9e+06 1.55393e+06 1.45482e+06
2e+06 1.7288e+06 1.53544e+06
2.1e+06 1.83022e+06 1.61632e+06
2.2e+06 1.92008e+06 1.69745e+06
2.3e+06 1.96779e+06 1.77881e+06
2.4e+06 2.00416e+06 1.8604e+06
2.5e+06 2.04781e+06 1.9422e+06
2.6e+06 2.0949e+06 2.02422e+06
2.7e+06 2.14799e+06 2.10643e+06
2.8e+06 2.20488e+06 2.18884e+06
2.9e+06 2.26527e+06 2.27144e+06
3e+06 2.32957e+06 2.35421e+06
3.1e+06 2.39797e+06 2.43716e+06
3.2e+06 2.46987e+06 2.52027e+06
3.3e+06 2.5411e+06 2.60355e+06
3.4e+06 2.61829e+06 2.68699e+06
3.5e+06 2.69661e+06 2.77057e+06
3.6e+06 2.77996e+06 2.85431e+06
3.7e+06 2.8648e+06 2.93819e+06
3.8e+06 2.94984e+06 3.02222e+06
3.9e+06 3.03707e+06 3.10638e+06
4e+06 3.12585e+06 3.19067e+06
4.1e+06 3.22271e+06 3.27509e+06
4.2e+06 3.31745e+06 3.35965e+06
4.3e+06 3.41498e+06 3.44432e+06
4.4e+06 3.51647e+06 3.52912e+06
4.5e+06 3.61715e+06 3.61403e+06
4.6e+06 3.71977e+06 3.69906e+06
4.7e+06 3.82356e+06 3.7842e+06
4.8e+06 3.93014e+06 3.86946e+06
4.9e+06 4.03761e+06 3.95482e+06
