10 46 -7799.29
30 293.5 -2869.8
50 961.333 1339.98
70 2276.75 5174.4
90 4446.6 8977.82
110 7919.67 13094.6
130 12399.7 17869.1
150 18438 23645.6
170 26450.4 30768.6
190 36278.4 39582.3
210 48697.2 50431.2
230 63550.9 63659.6
250 81293.2 79611.7
270 102339 98632.1
290 126222 121065
310 153574 147255
330 184560 177546
350 219370 212283
370 258499 251809
390 302703 296470
410 352819 346610
430 407444 402573
450 468046 464703
470 535088 533345
490 608572 608842
510 689379 691541
530 776566 781784
550 871410 879916
570 973812 986282
590 1.08582e+06 1.10123e+06
610 1.20539e+06 1.22509e+06
630 1.33567e+06 1.35822e+06
650 1.48687e+06 1.50097e+06
670 1.65079e+06 1.65367e+06
690 1.82593e+06 1.81666e+06
710 2.00806e+06 1.99031e+06
730 2.19828e+06 2.17494e+06
750 2.3889e+06 2.3709e+06
770 2.59082e+06 2.57854e+06
790 2.80497e+06 2.7982e+06
810 3.03174e+06 3.03023e+06
830 3.27316e+06 3.27497e+06
850 3.52574e+06 3.53276e+06
870 3.7965e+06 3.80395e+06
890 4.08641e+06 4.08889e+06
910 4.3851e+06 4.38791e+06
930 4.7014e+06 4.70136e+06
950 5.02539e+06 5.02959e+06
970 5.37719e+06 5.37294e+06
990 5.72966e+06 5.73176e+06
